21 
38 
79 
36 
31 
95 
84 
56 
22 
45 
90 
76 
40 
96 
20 
74 
17 
5 
34 
26 
65 
94 
38 
28 
52 
79 
30 
3 
36 
4 
69 
66 
21 
75 
42 
60 
40 
84 
23 
16 
5 
77 
48 
18 
82 
0 
56 
5 
85 
89 
66 
13 
75 
6 
92 
8 
60 
25 
80 
94 
15 
5 
96 
55 
27 
95 
72 
43 
28 
76 
65 
76 
51 
33 
80 
91 
12 
36 
76 
41 
82 
71 
1 
52 
86 
70 
54 
95 
62 
37 
96 
6 
89 
12 
12 
19 
43 
36 
51 
23 
38 
59 
68 
38 
21 
23 
63 
59 
54 
15 
66 
94 
95 
3 
1 
99 
54 
59 
24 
44 
81 
77 
92 
95 
33 
40 
90 
59 
74 
28 
31 
22 
68 
51 
58 
8 
66 
37 
25 
54 
96 
42 
80 
29 
65 
89 
88 
30 
95 
85 
90 
20 
77 
15 
52 
81 
14 
26 
45 
75 
4 
41 
82 
82 
69 
91 
22 
62 
59 
1 
50 
12 
27 
91 
94 
6 
67 
37 
43 
45 
16 
59 
53 
22 
23 
52 
38 
37 
90 
1 
30 
2 
84 
97 
66 
53 
49 
80 
84 
70 
83 
85 
73 
86 
1 
69 
46 
17 
54 
31 
13 
57 
87 
57 
88 
63 
55 
5 
48 
46 
56 
57 
59 
97 
46 
17 
4 
86 
84 
52 
9 
86 
59 
42 
7 
39 
31 
61 
6 
17 
1 
58 
24 
76 
87 
12 
51 
83 
88 
44 
27 
75 
28 
79 
98 
32 
19 
73 
84 
49 
46 
82 
24 
42 
82 
28 
36 
22 
61 
34 
29 
3 
13 
35 
70 
92 
40 
75 
91 
22 
82 
2 
59 
22 
13 
19 
83 
46 
91 
61 
34 
15 
3 
71 
85 
64 
53 
95 
12 
13 
52 
9 
51 
31 
17 
15 
0 
40 
74 
6 
6 
43 
79 
95 
60 
50 
29 
83 
48 
96 
1 
60 
33 
26 
55 
30 
56 
93 
51 
55 
62 
0 
66 
56 
13 
28 
86 
12 
26 
60 
81 
86 
11 
2 
44 
15 
65 
72 
55 
77 
91 
77 
34 
88 
83 
20 
62 
44 
38 
24 
17 
28 
96 
77 
13 
50 
70 
91 
0 
75 
96 
60 
41 
46 
71 
65 
19 
9 
7 
66 
63 
41 
3 
31 
1 
48 
18 
44 
68 
8 
38 
99 
75 
10 
20 
81 
67 
32 
86 
47 
10 
92 
73 
49 
86 
27 
40 
74 
96 
15 
90 
46 
57 
94 
20 
20 
67 
19 
26 
10 
77 
22 
16 
67 
8 
20 
23 
5 
38 
17 
18 
30 
72 
7 
30 
81 
56 
4 
44 
26 
86 
16 
58 
2 
89 
48 
99 
8 
23 
3 
13 
62 
73 
59 
65 
4 
92 
28 
40 
16 
80 
38 
20 
21 
79 
52 
59 
94 
71 
46 
34 
24 
10 
91 
2 
44 
75 
48 
59 
92 
42 
54 
21 
24 
76 
58 
56 
1 
48 
44 
57 
86 
67 
74 
2 
83 
31 
31 
92 
15 
52 
80 
59 
13 
52 
61 
72 
35 
27 
45 
8 
44 
83 
1 
47 
1 
58 
80 
25 
3 
32 
98 
84 
79 
13 
81 
4 
18 
95 
52 
28 
28 
9 
98 
1 
29 
66 
11 
70 
56 
61 
96 
78 
4 
83 
80 
55 
79 
40 
64 
80 
69 
91 
88 
18 
63 
88 
68 
24 
35 
80 
86 
33 
53 
31 
25 
27 
27 
95 
55 
1 
17 
1 
96 
94 
27 
57 
43 
49 
68 
96 
55 
42 
37 
38 
59 
3 
11 
2 
90 
8 
17 
5 
67 
53 
11 
98 
56 
57 
40 
17 
98 
96 
63 
15 
33 
3 
2 
62 
26 
88 
87 
47 
31 
54 
8 
16 
3 
70 
29 
21 
71 
95 
6 
38 
5 
21 
84 
67 
79 
0 
96 
20 
24 
13 
67 
12 
80 
82 
0 
34 
5 
6 
52 
57 
55 
40 
93 
18 
88 
33 
47 
8 
76 
86 
3 
73 
57 
56 
50 
12 
15 
51 
30 
73 
77 
42 
92 
78 
16 
69 
46 
88 
92 
25 
11 
7 
64 
61 
2 
91 
10 
46 
56 
34 
65 
4 
55 
67 
4 
4 
47 
30 
24 
2 
99 
32 
37 
44 
34 
22 
58 
18 
52 
96 
39 
82 
17 
35 
52 
79 
80 
60 
29 
90 
8 
29 
5 
21 
84 
95 
32 
91 
93 
90 
89 
34 
99 
28 
24 
43 
69 
48 
53 
16 
81 
15 
77 
84 
56 
67 
27 
81 
66 
76 
16 
12 
11 
0 
48 
1 
59 
87 
82 
98 
56 
54 
34 
1 
65 
93 
93 
50 
9 
5 
25 
76 
90 
45 
44 
97 
70 
25 
4 
36 
54 
92 
45 
70 
74 
27 
34 
97 
59 
91 
86 
5 
38 
48 
39 
5 
98 
20 
30 
7 
95 
51 
59 
68 
27 
49 
30 
91 
18 
66 
51 
34 
69 
7 
94 
82 
59 
86 
96 
51 
89 
80 
88 
19 
80 
98 
61 
70 
14 
69 
61 
28 
17 
91 
62 
42 
60 
52 
40 
79 
44 
27 
37 
54 
62 
82 
33 
33 
40 
5 
6 
22 
73 
57 
91 
58 
99 
62 
40 
78 
64 
39 
79 
46 
97 
2 
59 
54 
92 
33 
71 
24 
84 
42 
57 
96 
55 
93 
32 
39 
52 
87 
99 
43 
58 
39 
93 
96 
58 
86 
66 
43 
33 
55 
41 
88 
46 
2 
13 
86 
67 
61 
17 
16 
26 
97 
99 
68 
1 
31 
96 
75 
11 
14 
11 
80 
45 
18 
4 
74 
33 
52 
42 
28 
12 
4 
49 
12 
60 
21 
72 
68 
83 
31 
43 
37 
7 
31 
88 
67 
75 
60 
81 
35 
9 
33 
43 
52 
74 
45 
38 
79 
44 
46 
73 
42 
99 
55 
92 
12 
15 
25 
5 
87 
98 
24 
29 
32 
17 
27 
76 
76 
34 
73 
31 
85 
46 
12 
14 
63 
4 
8 
93 
17 
35 
26 
97 
91 
4 
55 
98 
97 
4 
32 
99 
4 
80 
35 
70 
77 
90 
59 
5 
0 
94 
